camera_matrix:
- - 1588.8585386610794
  - 0.0
  - 960.549445987941
- - 0.0
  - 1593.836703855597
  - 512.9314351349078
- - 0.0
  - 0.0
  - 1.0
dist_coeff:
- - 0.1042964530970496
  - -0.4545649985722314
  - 0.002468314789456591
  - 0.0015511071702752417
  - 0.35631367593538726
square_size_mm: 25
