camera_matrix:
- - 3041.4834245507354
  - 0.0
  - 1506.901616899897
- - 0.0
  - 3037.3646772494776
  - 1971.4269798102998
- - 0.0
  - 0.0
  - 1.0
dist_coeff:
- - 0.30046156937302254
  - -1.8246881446515757
  - -0.007480675200242739
  - 0.0006068338498180605
  - 3.3520867015049864
square_size_mm: 25
