camera_matrix:
- - 1592.6815847244409
  - 0.0
  - 970.334643574227
- - 0.0
  - 1592.7826282122635
  - 512.2942247699801
- - 0.0
  - 0.0
  - 1.0
dist_coeff:
- - 0.11583259585378762
  - -0.6519780121744787
  - 0.0033405936205680056
  - 0.000617969121102304
  - 0.8201693813417484
square_size_mm: 25
